Ali	021011
88 89 88 89 68 59 70 93
Abu	020304
87 85 80 94 92 94 95 96
Sarah	021202
80 95 68 93 76 85 98 75
Aaron	020321
90 78 66 78 96 57 86 73
Eden	021102
80 67 87 88 94 65 75 65
Ali	021011
88 89 88 89 68 59 70 93
Abu	020304
87 85 80 94 92 94 95 96
Sarah	021202
80 95 68 93 76 85 98 75
Aaron	020321
90 78 66 78 96 57 86 73
Eden	021102
80 67 87 88 94 65 75 65
Ali	021011
88 89 88 89 68 59 70 93
Abu	020304
87 85 80 94 92 94 95 96
Sarah	021202
80 95 68 93 76 85 98 75
Aaron	020321
90 78 66 78 96 57 86 73
Eden	021102
80 67 87 88 94 65 75 65
Ali	021011
88 89 88 89 68 59 70 93
Abu	020304
87 85 80 94 92 94 95 96
Sarah	021202
80 95 68 93 76 85 98 75
Aaron	020321
90 78 66 78 96 57 86 73
Eden	021102
80 67 87 88 94 65 75 65
Ali	021011
88 89 88 89 68 59 70 93
Abu	020304
87 85 80 94 92 94 95 96
Sarah	021202
80 95 68 93 76 85 98 75
Aaron	020321
90 78 66 78 96 57 86 73
Eden	021102
80 67 87 88 94 65 75 65
Ali	021011
88 89 88 89 68 59 70 93
Abu	020304
87 85 80 94 92 94 95 96
Sarah	021202
80 95 68 93 76 85 98 75
Aaron	020321
90 78 66 78 96 57 86 73
Eden	021102
80 67 87 88 94 65 75 65
Ali	021011
88 89 88 89 68 59 70 93
Abu	020304
87 85 80 94 92 94 95 96
Sarah	021202
80 95 68 93 76 85 98 75
Aaron	020321
90 78 66 78 96 57 86 73
Eden	021102
80 67 87 88 94 65 75 65
Wan	020202
75 78 56 77 67 55 59 65
Armel	020516
78 86 79 70 85 76 67 88
Erin	021212
88 96 80 90 88 91 83 89
Ali	021011
88 89 88 89 68 59 70 93
Abu	020304
87 85 80 94 92 94 95 96
Sarah	021202
80 95 68 93 76 85 98 75
Aaron	020321
90 78 66 78 96 57 86 73
Eden	021102
80 67 87 88 94 65 75 65
Wan	020202
75 78 56 77 67 55 59 65
Armel	020516
78 86 79 70 85 76 67 88
Erin	021212
88 96 80 90 88 91 83 89
Lux	021011
88 89 88 89 68 59 70 93
Fortune	020304
87 85 80 94 92 94 95 96
Elen	021202
80 95 68 93 76 85 98 75
Thresh	020321
90 78 66 78 96 57 86 73
Lucian	021102
80 67 87 88 94 65 75 65
Caitlyn	020202
75 78 56 77 67 55 59 65
Iris	021010
95 97 93 92 91 99 94 94
